20  19  1  1  0
 1   0.000000 
 2   0.003233 
 3   0.008214 
 4   0.013035 
 5   0.015772 
 6   0.018391 
 7   0.022739 
 8   0.029096 
 9   0.032603 
 10   0.037204 
 11   0.040244 
 12   0.045680 
 13   0.048843 
 14   0.053228 
 15   0.058449 
 16   0.064205 
 17   0.069456 
 18   0.072359 
 19   0.074046 
 20   0.075000 
 1 1 2 
  2 2 3 
  3 3 4 
  4 4 5 
  5 5 6 
  6 6 7 
  7 7 8 
  8 8 9 
  9 9 10 
  10 10 11 
  11 11 12 
  12 12 13 
  13 13 14 
  14 14 15 
  15 15 16 
  16 16 17 
  17 17 18 
  18 18 19 
  19 19 20 
1 150
20 -5.0

 